%YAML:1.0
---
point_cloud: [ 2.14979858e+002, -6.38482399e+001, 7.70478271e+002,
    1.00833313e+002, 6.70667601e+000, 6.14914551e+002, 9.75802460e+001,
    9.72097015e+000, 6.18398560e+002, 2.47866394e+002, 4.51110916e+001,
    1.28994751e+003, 1.00888664e+002, 6.53020191e+000, 6.14222534e+002,
    9.65651779e+001, 9.54401207e+000, 6.12499146e+002, 2.66371521e+002,
    4.46354446e+001, 1.39122693e+003, 2.59981476e+002, 4.67244377e+001,
    1.35202979e+003 ]
